%%   10.47246  41.06589   -1   0.20000
% LAB  survey ------------------
% wanted position:  l, b, RA, DEC, and interpolated  NH
%120.99 ; -21.77 ;  10.47 ;  41.07 ;  0.120E+22
% nearest position: l, b, RA, DEC, and observed NH
%121.00 ; -22.00 ;  10.49 ;  40.84 ;  0.989E+21
% GASS III survey --------------
% NH - median within 6 arcmin radius   0.00    
% NH - mean within specified beam      0.00    
% EBHIS survey -----------------
% NH  within specified beam           0.954E+21
%%EBHIS   621  datapoints: v_lsr [km/s] and T_B [K]
    -399.25     2.725
    -397.96     2.714
    -396.68     2.786
    -395.39     2.716
    -394.10     2.694
    -392.81     2.683
    -391.52     2.757
    -390.23     2.677
    -388.95     2.637
    -387.66     2.555
    -386.37     2.572
    -385.08     2.605
    -383.79     2.514
    -382.50     2.442
    -381.22     2.535
    -379.93     2.613
    -378.64     2.586
    -377.35     2.538
    -376.06     2.591
    -374.78     2.586
    -373.49     2.588
    -372.20     2.743
    -370.91     2.746
    -369.62     2.784
    -368.33     2.721
    -367.05     2.704
    -365.76     2.819
    -364.47     2.737
    -363.18     2.737
    -361.89     2.832
    -360.60     2.772
    -359.32     2.630
    -358.03     2.525
    -356.74     2.431
    -355.45     2.482
    -354.16     2.514
    -352.88     2.376
    -351.59     2.386
    -350.30     2.312
    -349.01     2.349
    -347.72     2.377
    -346.43     2.431
    -345.15     2.283
    -343.86     2.267
    -342.57     2.408
    -341.28     2.419
    -339.99     2.386
    -338.70     2.187
    -337.42     2.236
    -336.13     2.160
    -334.84     2.056
    -333.55     1.918
    -332.26     1.894
    -330.98     1.853
    -329.69     1.741
    -328.40     1.784
    -327.11     1.687
    -325.82     1.561
    -324.53     1.561
    -323.25     1.589
    -321.96     1.463
    -320.67     1.378
    -319.38     1.434
    -318.09     1.396
    -316.80     1.184
    -315.52     1.156
    -314.23     1.065
    -312.94     1.078
    -311.65     1.020
    -310.36     0.921
    -309.08     0.888
    -307.79     0.822
    -306.50     0.736
    -305.21     0.670
    -303.92     0.617
    -302.63     0.686
    -301.35     0.627
    -300.06     0.519
    -298.77     0.463
    -297.48     0.485
    -296.19     0.409
    -294.90     0.295
    -293.62     0.269
    -292.33     0.295
    -291.04     0.214
    -289.75     0.203
    -288.46     0.152
    -287.18     0.175
    -285.89     0.124
    -284.60     0.121
    -283.31     0.194
    -282.02     0.149
    -280.73     0.138
    -279.45     0.097
    -278.16     0.123
    -276.87     0.059
    -275.58     0.115
    -274.29     0.101
    -273.00    -0.006
    -271.72    -0.141
    -270.43    -0.038
    -269.14    -0.014
    -267.85     0.013
    -266.56     0.051
    -265.28    -0.012
    -263.99     0.029
    -262.70    -0.009
    -261.41    -0.042
    -260.12     0.129
    -258.83     0.130
    -257.55    -0.017
    -256.26    -0.031
    -254.97    -0.032
    -253.68    -0.009
    -252.39     0.061
    -251.10    -0.009
    -249.82     0.059
    -248.53     0.071
    -247.24    -0.114
    -245.95     0.030
    -244.66    -0.074
    -243.38    -0.071
    -242.09    -0.023
    -240.80    -0.060
    -239.51    -0.077
    -238.22    -0.050
    -236.93    -0.012
    -235.65    -0.027
    -234.36    -0.052
    -233.07     0.030
    -231.78    -0.073
    -230.49    -0.076
    -229.20    -0.017
    -227.92    -0.009
    -226.63    -0.108
    -225.34    -0.012
    -224.05    -0.036
    -222.76    -0.062
    -221.48    -0.038
    -220.19     0.051
    -218.90    -0.026
    -217.61     0.115
    -216.32     0.008
    -215.03    -0.089
    -213.75    -0.041
    -212.46    -0.052
    -211.17    -0.017
    -209.88    -0.073
    -208.59     0.071
    -207.30    -0.025
    -206.02     0.064
    -204.73    -0.018
    -203.44    -0.080
    -202.15     0.073
    -200.86     0.072
    -199.58     0.089
    -198.29    -0.043
    -197.00    -0.030
    -195.71    -0.034
    -194.42     0.095
    -193.13     0.009
    -191.85     0.000
    -190.56     0.008
    -189.27     0.065
    -187.98    -0.018
    -186.69    -0.037
    -185.40     0.064
    -184.12     0.028
    -182.83    -0.022
    -181.54     0.065
    -180.25     0.071
    -178.96     0.046
    -177.68     0.059
    -176.39     0.032
    -175.10     0.061
    -173.81     0.017
    -172.52     0.005
    -171.23     0.024
    -169.95     0.049
    -168.66     0.080
    -167.37    -0.020
    -166.08     0.082
    -164.79     0.076
    -163.50    -0.007
    -162.22    -0.080
    -160.93     0.022
    -159.64     0.000
    -158.35     0.054
    -157.06     0.033
    -155.78     0.005
    -154.49     0.018
    -153.20    -0.030
    -151.91    -0.025
    -150.62     0.009
    -149.33     0.061
    -148.05     0.034
    -146.76     0.054
    -145.47     0.043
    -144.18    -0.028
    -142.89    -0.019
    -141.60    -0.042
    -140.32     0.072
    -139.03     0.079
    -137.74    -0.015
    -136.45    -0.020
    -135.16    -0.036
    -133.88     0.015
    -132.59     0.038
    -131.30    -0.067
    -130.01     0.019
    -128.72     0.037
    -127.43     0.041
    -126.15    -0.026
    -124.86     0.058
    -123.57     0.153
    -122.28     0.007
    -120.99     0.024
    -119.70     0.077
    -118.42     0.175
    -117.13     0.108
    -115.84     0.164
    -114.55     0.059
    -113.26     0.108
    -111.98     0.082
    -110.69     0.097
    -109.40     0.139
    -108.11     0.168
    -106.82     0.229
    -105.53     0.221
    -104.25     0.248
    -102.96     0.260
    -101.67     0.274
    -100.38     0.311
     -99.09     0.327
     -97.80     0.308
     -96.52     0.370
     -95.23     0.339
     -93.94     0.293
     -92.65     0.353
     -91.36     0.407
     -90.08     0.280
     -88.79     0.389
     -87.50     0.328
     -86.21     0.254
     -84.92     0.285
     -83.63     0.337
     -82.35     0.329
     -81.06     0.381
     -79.77     0.297
     -78.48     0.308
     -77.19     0.330
     -75.90     0.350
     -74.62     0.429
     -73.33     0.375
     -72.04     0.475
     -70.75     0.570
     -69.46     0.546
     -68.18     0.648
     -66.89     0.747
     -65.60     0.836
     -64.31     0.873
     -63.02     0.957
     -61.73     1.149
     -60.45     1.174
     -59.16     1.397
     -57.87     1.499
     -56.58     1.530
     -55.29     1.640
     -54.00     1.799
     -52.72     1.901
     -51.43     1.867
     -50.14     2.117
     -48.85     2.121
     -47.56     2.227
     -46.28     2.479
     -44.99     2.705
     -43.70     3.023
     -42.41     3.424
     -41.12     4.030
     -39.83     4.524
     -38.55     4.170
     -37.26     3.451
     -35.97     2.928
     -34.68     2.490
     -33.39     2.230
     -32.10     1.987
     -30.82     2.037
     -29.53     1.937
     -28.24     1.831
     -26.95     2.118
     -25.66     2.304
     -24.38     2.739
     -23.09     2.830
     -21.80     2.636
     -20.51     2.514
     -19.22     2.663
     -17.93     2.974
     -16.65     3.023
     -15.36     2.877
     -14.07     2.908
     -12.78     3.034
     -11.49     3.050
     -10.20     3.156
      -8.92     3.584
      -7.63     4.048
      -6.34     4.748
      -5.05     5.891
      -3.76     7.926
      -2.48    10.056
      -1.19    11.550
       0.10    12.297
       1.39    13.921
       2.68    13.060
       3.97     8.648
       5.25     5.581
       6.54     4.484
       7.83     3.757
       9.12     3.063
      10.41     2.413
      11.70     1.918
      12.98     1.370
      14.27     0.949
      15.56     0.678
      16.85     0.440
      18.14     0.300
      19.42     0.178
      20.71     0.098
      22.00     0.061
      23.29     0.048
      24.58     0.049
      25.87    -0.008
      27.15    -0.021
      28.44    -0.069
      29.73     0.036
      31.02    -0.035
      32.31    -0.095
      33.60    -0.007
      34.88     0.086
      36.17     0.024
      37.46    -0.023
      38.75    -0.010
      40.04     0.017
      41.32    -0.079
      42.61    -0.062
      43.90    -0.050
      45.19     0.007
      46.48    -0.025
      47.77     0.031
      49.05    -0.063
      50.34    -0.003
      51.63    -0.001
      52.92     0.059
      54.21    -0.025
      55.50    -0.026
      56.78     0.032
      58.07    -0.046
      59.36    -0.075
      60.65    -0.005
      61.94     0.044
      63.22     0.002
      64.51    -0.024
      65.80    -0.007
      67.09    -0.055
      68.38    -0.006
      69.67     0.024
      70.95     0.044
      72.24    -0.007
      73.53    -0.038
      74.82     0.029
      76.11     0.036
      77.40    -0.069
      78.68     0.021
      79.97     0.096
      81.26     0.063
      82.55     0.034
      83.84    -0.007
      85.12     0.095
      86.41     0.032
      87.70    -0.013
      88.99     0.019
      90.28    -0.107
      91.57    -0.071
      92.85    -0.062
      94.14     0.013
      95.43     0.094
      96.72    -0.011
      98.01     0.037
      99.30    -0.018
     100.58    -0.044
     101.87     0.002
     103.16     0.101
     104.45     0.032
     105.74    -0.051
     107.02    -0.070
     108.31    -0.007
     109.60    -0.028
     110.89    -0.020
     112.18     0.093
     113.47    -0.007
     114.75    -0.054
     116.04    -0.102
     117.33    -0.043
     118.62     0.005
     119.91     0.050
     121.20    -0.014
     122.48    -0.006
     123.77    -0.018
     125.06    -0.004
     126.35     0.091
     127.64    -0.010
     128.92    -0.054
     130.21    -0.027
     131.50    -0.043
     132.79    -0.093
     134.08    -0.077
     135.37    -0.064
     136.65    -0.070
     137.94    -0.008
     139.23    -0.084
     140.52    -0.066
     141.81    -0.036
     143.09    -0.081
     144.38    -0.050
     145.67    -0.011
     146.96     0.039
     148.25     0.077
     149.54     0.066
     150.82     0.047
     152.11    -0.055
     153.40     0.001
     154.69    -0.111
     155.98    -0.051
     157.27    -0.018
     158.55     0.004
     159.84    -0.064
     161.13    -0.032
     162.42     0.043
     163.71    -0.016
     164.99    -0.053
     166.28    -0.036
     167.57    -0.073
     168.86    -0.026
     170.15     0.117
     171.44     0.149
     172.72    -0.000
     174.01     0.087
     175.30     0.016
     176.59     0.032
     177.88     0.014
     179.17     0.017
     180.45    -0.040
     181.74    -0.043
     183.03     0.036
     184.32     0.079
     185.61    -0.019
     186.89    -0.073
     188.18    -0.052
     189.47     0.056
     190.76     0.066
     192.05     0.045
     193.34     0.158
     194.62     0.051
     195.91     0.092
     197.20     0.065
     198.49     0.026
     199.78    -0.000
     201.07    -0.008
     202.35    -0.010
     203.64    -0.007
     204.93    -0.023
     206.22     0.014
     207.51    -0.062
     208.79     0.048
     210.08     0.105
     211.37    -0.012
     212.66    -0.010
     213.95     0.029
     215.24     0.005
     216.52    -0.012
     217.81    -0.028
     219.10    -0.010
     220.39    -0.007
     221.68    -0.068
     222.97    -0.036
     224.25    -0.012
     225.54     0.008
     226.83     0.008
     228.12     0.024
     229.41     0.043
     230.69     0.061
     231.98     0.047
     233.27    -0.043
     234.56     0.039
     235.85    -0.006
     237.14     0.006
     238.42     0.001
     239.71     0.000
     241.00    -0.031
     242.29     0.026
     243.58     0.017
     244.87    -0.072
     246.15     0.021
     247.44    -0.066
     248.73     0.042
     250.02     0.083
     251.31     0.020
     252.59    -0.010
     253.88     0.010
     255.17     0.017
     256.46     0.029
     257.75    -0.043
     259.04     0.005
     260.32    -0.058
     261.61    -0.088
     262.90    -0.070
     264.19    -0.025
     265.48     0.032
     266.77     0.026
     268.05    -0.047
     269.34     0.007
     270.63     0.003
     271.92     0.006
     273.21    -0.028
     274.49     0.048
     275.78    -0.025
     277.07    -0.005
     278.36    -0.013
     279.65    -0.013
     280.94    -0.060
     282.22    -0.035
     283.51    -0.066
     284.80    -0.085
     286.09    -0.020
     287.38    -0.047
     288.67    -0.083
     289.95    -0.071
     291.24     0.051
     292.53    -0.002
     293.82    -0.076
     295.11    -0.138
     296.39    -0.095
     297.68    -0.001
     298.97    -0.088
     300.26     0.031
     301.55     0.009
     302.84     0.019
     304.12     0.002
     305.41    -0.013
     306.70    -0.063
     307.99    -0.053
     309.28    -0.056
     310.57     0.033
     311.85    -0.019
     313.14     0.027
     314.43     0.023
     315.72    -0.069
     317.01    -0.013
     318.29     0.051
     319.58    -0.010
     320.87    -0.035
     322.16     0.004
     323.45    -0.113
     324.74    -0.059
     326.02     0.012
     327.31    -0.042
     328.60     0.022
     329.89     0.030
     331.18     0.007
     332.47    -0.043
     333.75     0.031
     335.04     0.017
     336.33     0.026
     337.62     0.051
     338.91     0.030
     340.19     0.037
     341.48     0.091
     342.77    -0.028
     344.06    -0.038
     345.35     0.060
     346.64    -0.023
     347.92    -0.046
     349.21    -0.017
     350.50    -0.005
     351.79     0.086
     353.08     0.024
     354.37     0.080
     355.65     0.039
     356.94     0.117
     358.23     0.065
     359.52     0.004
     360.81     0.007
     362.09     0.106
     363.38     0.079
     364.67    -0.045
     365.96    -0.061
     367.25     0.032
     368.54     0.014
     369.82    -0.023
     371.11    -0.084
     372.40    -0.034
     373.69     0.027
     374.98     0.158
     376.27     0.050
     377.55     0.052
     378.84    -0.005
     380.13     0.027
     381.42    -0.100
     382.71    -0.072
     383.99     0.032
     385.28     0.031
     386.57    -0.046
     387.86    -0.023
     389.15     0.054
     390.44     0.046
     391.72    -0.019
     393.01    -0.051
     394.30    -0.038
     395.59    -0.010
     396.88    -0.027
     398.17     0.083
     399.45     0.055
%%GASS      0  datapoints: v_lsr [km/s] and T_B [K]
%%LAB     777  datapoints: v_lsr [km/s] and T_B [K]
    -399.89     2.278
    -398.86     2.243
    -397.83     2.223
    -396.80     2.228
    -395.77     2.246
    -394.74     2.189
    -393.71     2.231
    -392.68     2.133
    -391.64     2.331
    -390.61     2.142
    -389.58     2.245
    -388.55     2.211
    -387.52     2.253
    -386.49     2.242
    -385.46     2.305
    -384.43     2.282
    -383.40     2.218
    -382.37     2.229
    -381.34     2.282
    -380.31     2.401
    -379.28     2.331
    -378.25     2.596
    -377.22     2.383
    -376.18     2.493
    -375.15     2.432
    -374.12     2.508
    -373.09     2.549
    -372.06     2.380
    -371.03     2.511
    -370.00     2.498
    -368.97     2.543
    -367.94     2.501
    -366.91     2.615
    -365.88     2.477
    -364.85     2.576
    -363.82     2.584
    -362.79     2.653
    -361.76     2.559
    -360.73     2.492
    -359.69     2.629
    -358.66     2.482
    -357.63     2.464
    -356.60     2.477
    -355.57     2.479
    -354.54     2.382
    -353.51     2.513
    -352.48     2.340
    -351.45     2.335
    -350.42     2.447
    -349.39     2.385
    -348.36     2.373
    -347.33     2.366
    -346.30     2.399
    -345.27     2.451
    -344.23     2.439
    -343.20     2.453
    -342.17     2.411
    -341.14     2.390
    -340.11     2.507
    -339.08     2.431
    -338.05     2.551
    -337.02     2.497
    -335.99     2.403
    -334.96     2.418
    -333.93     2.424
    -332.90     2.222
    -331.87     2.203
    -330.84     2.276
    -329.81     2.302
    -328.78     2.249
    -327.74     2.277
    -326.71     2.264
    -325.68     2.234
    -324.65     2.238
    -323.62     2.288
    -322.59     2.326
    -321.56     2.250
    -320.53     2.285
    -319.50     2.281
    -318.47     2.329
    -317.44     2.208
    -316.41     2.262
    -315.38     2.163
    -314.35     2.112
    -313.32     2.004
    -312.29     2.042
    -311.25     2.089
    -310.22     2.054
    -309.19     2.038
    -308.16     1.914
    -307.13     1.900
    -306.10     1.913
    -305.07     1.858
    -304.04     1.924
    -303.01     1.739
    -301.98     1.726
    -300.95     1.769
    -299.92     1.665
    -298.89     1.678
    -297.86     1.776
    -296.83     1.667
    -295.79     1.588
    -294.76     1.674
    -293.73     1.551
    -292.70     1.632
    -291.67     1.562
    -290.64     1.520
    -289.61     1.528
    -288.58     1.459
    -287.55     1.414
    -286.52     1.515
    -285.49     1.494
    -284.46     1.323
    -283.43     1.463
    -282.40     1.476
    -281.37     1.365
    -280.34     1.397
    -279.30     1.286
    -278.27     1.344
    -277.24     1.283
    -276.21     1.261
    -275.18     1.346
    -274.15     1.358
    -273.12     1.331
    -272.09     1.221
    -271.06     1.212
    -270.03     1.248
    -269.00     1.226
    -267.97     1.177
    -266.94     1.229
    -265.91     1.078
    -264.88     1.113
    -263.84     1.178
    -262.81     1.111
    -261.78     1.001
    -260.75     0.950
    -259.72     1.036
    -258.69     1.002
    -257.66     0.894
    -256.63     0.897
    -255.60     0.952
    -254.57     0.907
    -253.54     0.899
    -252.51     0.768
    -251.48     0.784
    -250.45     0.826
    -249.42     0.805
    -248.39     0.733
    -247.35     0.651
    -246.32     0.625
    -245.29     0.651
    -244.26     0.641
    -243.23     0.610
    -242.20     0.566
    -241.17     0.637
    -240.14     0.538
    -239.11     0.565
    -238.08     0.541
    -237.05     0.564
    -236.02     0.418
    -234.99     0.482
    -233.96     0.353
    -232.93     0.446
    -231.89     0.421
    -230.86     0.483
    -229.83     0.383
    -228.80     0.543
    -227.77     0.464
    -226.74     0.421
    -225.71     0.316
    -224.68     0.294
    -223.65     0.346
    -222.62     0.301
    -221.59     0.261
    -220.56     0.318
    -219.53     0.256
    -218.50     0.304
    -217.47     0.285
    -216.44     0.234
    -215.40     0.241
    -214.37     0.222
    -213.34     0.204
    -212.31     0.246
    -211.28     0.138
    -210.25     0.197
    -209.22     0.220
    -208.19     0.213
    -207.16     0.262
    -206.13     0.267
    -205.10     0.154
    -204.07     0.062
    -203.04     0.147
    -202.01     0.162
    -200.98     0.097
    -199.94     0.100
    -198.91     0.103
    -197.88     0.223
    -196.85     0.154
    -195.82     0.261
    -194.79     0.135
    -193.76     0.043
    -192.73     0.119
    -191.70     0.268
    -190.67     0.149
    -189.64     0.176
    -188.61     0.174
    -187.58     0.063
    -186.55     0.071
    -185.52     0.030
    -184.49     0.071
    -183.45     0.046
    -182.42     0.047
    -181.39     0.134
    -180.36     0.033
    -179.33     0.065
    -178.30     0.032
    -177.27     0.087
    -176.24    -0.010
    -175.21     0.000
    -174.18    -0.069
    -173.15     0.003
    -172.12    -0.051
    -171.09    -0.023
    -170.06     0.028
    -169.03     0.105
    -167.99    -0.006
    -166.96     0.112
    -165.93     0.037
    -164.90     0.063
    -163.87     0.047
    -162.84     0.099
    -161.81    -0.018
    -160.78    -0.016
    -159.75     0.017
    -158.72     0.056
    -157.69    -0.121
    -156.66    -0.015
    -155.63    -0.074
    -154.60     0.028
    -153.57     0.023
    -152.54     0.143
    -151.50    -0.013
    -150.47     0.054
    -149.44    -0.043
    -148.41     0.008
    -147.38    -0.027
    -146.35     0.018
    -145.32     0.028
    -144.29     0.043
    -143.26     0.079
    -142.23     0.020
    -141.20     0.024
    -140.17     0.010
    -139.14     0.063
    -138.11    -0.037
    -137.08    -0.015
    -136.04     0.055
    -135.01     0.029
    -133.98     0.051
    -132.95     0.068
    -131.92     0.124
    -130.89     0.001
    -129.86     0.106
    -128.83     0.067
    -127.80    -0.068
    -126.77    -0.017
    -125.74     0.010
    -124.71    -0.088
    -123.68     0.079
    -122.65     0.067
    -121.62    -0.024
    -120.59     0.057
    -119.55     0.119
    -118.52     0.066
    -117.49    -0.009
    -116.46     0.003
    -115.43     0.131
    -114.40     0.079
    -113.37     0.143
    -112.34     0.004
    -111.31     0.187
    -110.28     0.149
    -109.25     0.214
    -108.22     0.259
    -107.19     0.086
    -106.16     0.188
    -105.13     0.206
    -104.10     0.169
    -103.06     0.221
    -102.03     0.205
    -101.00     0.244
     -99.97     0.212
     -98.94     0.179
     -97.91     0.195
     -96.88     0.242
     -95.85     0.228
     -94.82     0.205
     -93.79     0.152
     -92.76     0.348
     -91.73     0.280
     -90.70     0.207
     -89.67     0.393
     -88.64     0.216
     -87.60     0.206
     -86.57     0.210
     -85.54     0.141
     -84.51     0.261
     -83.48     0.219
     -82.45     0.240
     -81.42     0.281
     -80.39     0.236
     -79.36     0.221
     -78.33     0.232
     -77.30     0.383
     -76.27     0.288
     -75.24     0.439
     -74.21     0.354
     -73.18     0.413
     -72.15     0.327
     -71.11     0.452
     -70.08     0.613
     -69.05     0.655
     -68.02     0.660
     -66.99     0.852
     -65.96     0.967
     -64.93     1.031
     -63.90     1.220
     -62.87     1.217
     -61.84     1.288
     -60.81     1.460
     -59.78     1.403
     -58.75     1.517
     -57.72     1.649
     -56.69     1.630
     -55.65     1.717
     -54.62     1.800
     -53.59     1.884
     -52.56     1.971
     -51.53     2.071
     -50.50     2.215
     -49.47     2.363
     -48.44     2.450
     -47.41     2.554
     -46.38     2.660
     -45.35     2.821
     -44.32     2.919
     -43.29     3.212
     -42.26     3.546
     -41.23     3.882
     -40.20     4.229
     -39.16     4.281
     -38.13     3.939
     -37.10     3.633
     -36.07     3.258
     -35.04     3.114
     -34.01     3.030
     -32.98     2.881
     -31.95     2.896
     -30.92     2.818
     -29.89     2.866
     -28.86     2.858
     -27.83     2.894
     -26.80     2.911
     -25.77     2.897
     -24.74     3.121
     -23.70     3.337
     -22.67     3.401
     -21.64     3.292
     -20.61     3.217
     -19.58     3.113
     -18.55     3.222
     -17.52     3.311
     -16.49     3.333
     -15.46     3.329
     -14.43     3.223
     -13.40     3.185
     -12.37     3.240
     -11.34     3.351
     -10.31     3.594
      -9.28     3.657
      -8.25     4.180
      -7.21     4.416
      -6.18     5.023
      -5.15     5.683
      -4.12     6.928
      -3.09     8.709
      -2.06    10.337
      -1.03    11.849
       0.00    13.043
       1.03    15.089
       2.06    16.309
       3.09    13.336
       4.12     8.951
       5.15     6.439
       6.18     5.546
       7.21     4.975
       8.25     4.614
       9.28     4.063
      10.31     3.235
      11.34     2.503
      12.37     1.965
      13.40     1.482
      14.43     1.185
      15.46     0.916
      16.49     0.758
      17.52     0.532
      18.55     0.392
      19.58     0.373
      20.61     0.280
      21.64     0.214
      22.67     0.216
      23.70     0.241
      24.74     0.180
      25.77     0.121
      26.80     0.097
      27.83     0.114
      28.86     0.005
      29.89    -0.075
      30.92    -0.057
      31.95     0.050
      32.98     0.111
      34.01     0.008
      35.04     0.112
      36.07    -0.001
      37.10    -0.012
      38.13    -0.018
      39.16     0.001
      40.20     0.064
      41.23     0.035
      42.26     0.070
      43.29     0.022
      44.32     0.163
      45.35     0.013
      46.38     0.074
      47.41     0.151
      48.44     0.117
      49.47     0.036
      50.50     0.057
      51.53     0.060
      52.56     0.084
      53.59     0.065
      54.62    -0.032
      55.65     0.051
      56.69     0.120
      57.72    -0.005
      58.75     0.039
      59.78     0.019
      60.81     0.049
      61.84     0.048
      62.87     0.050
      63.90     0.048
      64.93     0.048
      65.96     0.047
      66.99     0.048
      68.02     0.048
      69.05     0.048
      70.08     0.024
      71.11     0.039
      72.15     0.092
      73.18    -0.060
      74.21     0.106
      75.24     0.019
      76.27     0.120
      77.30    -0.026
      78.33     0.106
      79.36    -0.010
      80.39     0.068
      81.42    -0.082
      82.45     0.018
      83.48     0.037
      84.51     0.062
      85.54     0.054
      86.57     0.032
      87.60     0.088
      88.64     0.005
      89.67    -0.038
      90.70     0.116
      91.73     0.058
      92.76    -0.023
      93.79    -0.111
      94.82     0.067
      95.85     0.112
      96.88     0.024
      97.91     0.079
      98.94     0.023
      99.97    -0.058
     101.00     0.007
     102.03    -0.021
     103.06     0.027
     104.10    -0.080
     105.13    -0.123
     106.16    -0.013
     107.19     0.034
     108.22    -0.079
     109.25     0.015
     110.28    -0.022
     111.31    -0.004
     112.34    -0.074
     113.37     0.026
     114.40    -0.100
     115.43     0.031
     116.46    -0.075
     117.49    -0.022
     118.52    -0.012
     119.55    -0.075
     120.59     0.004
     121.62    -0.059
     122.65     0.022
     123.68    -0.069
     124.71    -0.035
     125.74    -0.033
     126.77    -0.074
     127.80    -0.044
     128.83     0.007
     129.86     0.035
     130.89     0.107
     131.92     0.015
     132.95    -0.046
     133.98     0.002
     135.01    -0.042
     136.04    -0.066
     137.08    -0.064
     138.11     0.040
     139.14    -0.035
     140.17     0.043
     141.20    -0.082
     142.23    -0.098
     143.26    -0.023
     144.29     0.021
     145.32    -0.056
     146.35     0.019
     147.38    -0.083
     148.41    -0.024
     149.44    -0.002
     150.47     0.049
     151.50    -0.026
     152.54     0.021
     153.57    -0.015
     154.60     0.071
     155.63     0.012
     156.66     0.077
     157.69     0.038
     158.72     0.105
     159.75    -0.037
     160.78    -0.036
     161.81    -0.080
     162.84    -0.113
     163.87     0.007
     164.90     0.021
     165.93     0.121
     166.96    -0.007
     167.99    -0.049
     169.03    -0.007
     170.06    -0.108
     171.09     0.074
     172.12    -0.054
     173.15    -0.064
     174.18     0.038
     175.21     0.045
     176.24    -0.006
     177.27     0.062
     178.30    -0.058
     179.33     0.007
     180.36    -0.110
     181.39     0.113
     182.42    -0.080
     183.45     0.033
     184.49     0.063
     185.52     0.013
     186.55     0.029
     187.58     0.087
     188.61    -0.075
     189.64    -0.014
     190.67    -0.012
     191.70     0.029
     192.73    -0.101
     193.76    -0.002
     194.79    -0.028
     195.82     0.052
     196.85     0.029
     197.88    -0.046
     198.91    -0.072
     199.94     0.071
     200.98    -0.087
     202.01     0.084
     203.04     0.039
     204.07     0.065
     205.10    -0.031
     206.13     0.012
     207.16     0.030
     208.19     0.047
     209.22    -0.088
     210.25     0.148
     211.28    -0.049
     212.31     0.031
     213.34     0.063
     214.37     0.058
     215.40    -0.082
     216.44     0.078
     217.47    -0.077
     218.50     0.149
     219.53    -0.078
     220.56     0.088
     221.59     0.011
     222.62     0.032
     223.65     0.010
     224.68     0.037
     225.71    -0.025
     226.74     0.010
     227.77     0.076
     228.80    -0.005
     229.83    -0.055
     230.86     0.029
     231.89     0.041
     232.93     0.104
     233.96     0.015
     234.99     0.053
     236.02     0.035
     237.05     0.160
     238.08    -0.062
     239.11     0.010
     240.14     0.001
     241.17     0.024
     242.20    -0.003
     243.23     0.080
     244.26    -0.072
     245.29    -0.025
     246.32     0.025
     247.35    -0.039
     248.39     0.053
     249.42    -0.036
     250.45     0.068
     251.48     0.120
     252.51     0.058
     253.54    -0.028
     254.57     0.089
     255.60    -0.056
     256.63    -0.049
     257.66     0.034
     258.69    -0.043
     259.72    -0.060
     260.75     0.058
     261.78     0.037
     262.81    -0.033
     263.84    -0.046
     264.88    -0.047
     265.91     0.020
     266.94     0.047
     267.97    -0.002
     269.00    -0.036
     270.03     0.058
     271.06     0.044
     272.09    -0.041
     273.12     0.084
     274.15     0.032
     275.18    -0.076
     276.21     0.032
     277.24     0.043
     278.27    -0.043
     279.30    -0.026
     280.34     0.057
     281.37    -0.037
     282.40     0.057
     283.43     0.008
     284.46    -0.007
     285.49     0.076
     286.52     0.069
     287.55     0.042
     288.58    -0.084
     289.61    -0.017
     290.64     0.078
     291.67    -0.006
     292.70     0.214
     293.73     0.054
     294.76     0.077
     295.79    -0.010
     296.83     0.048
     297.86    -0.100
     298.89    -0.050
     299.92    -0.072
     300.95     0.033
     301.98    -0.130
     303.01    -0.034
     304.04     0.009
     305.07    -0.053
     306.10     0.066
     307.13     0.066
     308.16    -0.136
     309.19    -0.039
     310.22    -0.024
     311.25    -0.012
     312.29    -0.038
     313.32    -0.024
     314.35    -0.014
     315.38     0.024
     316.41     0.014
     317.44    -0.052
     318.47    -0.038
     319.50    -0.054
     320.53    -0.036
     321.56     0.020
     322.59    -0.081
     323.62    -0.044
     324.65    -0.062
     325.68     0.032
     326.71    -0.096
     327.74    -0.021
     328.78    -0.068
     329.81    -0.046
     330.84    -0.008
     331.87    -0.012
     332.90    -0.043
     333.93     0.053
     334.96     0.029
     335.99     0.019
     337.02     0.105
     338.05    -0.015
     339.08    -0.071
     340.11     0.001
     341.14    -0.040
     342.17    -0.003
     343.20    -0.068
     344.23     0.021
     345.27     0.119
     346.30     0.033
     347.33     0.057
     348.36     0.040
     349.39    -0.066
     350.42    -0.002
     351.45    -0.016
     352.48    -0.032
     353.51     0.041
     354.54    -0.024
     355.57    -0.022
     356.60    -0.025
     357.63    -0.076
     358.66    -0.023
     359.69    -0.039
     360.73    -0.017
     361.76    -0.029
     362.79    -0.094
     363.82    -0.073
     364.85    -0.070
     365.88     0.008
     366.91     0.003
     367.94     0.010
     368.97     0.035
     370.00    -0.079
     371.03    -0.071
     372.06    -0.001
     373.09     0.023
     374.12    -0.009
     375.15     0.055
     376.18    -0.029
     377.22    -0.046
     378.25    -0.060
     379.28     0.013
     380.31    -0.014
     381.34     0.026
     382.37     0.004
     383.40    -0.006
     384.43    -0.050
     385.46     0.031
     386.49    -0.050
     387.52    -0.019
     388.55    -0.037
     389.58     0.018
     390.61     0.070
     391.64     0.091
     392.68    -0.040
     393.71     0.051
     394.74     0.046
     395.77     0.016
     396.80     0.042
     397.83     0.072
     398.86    -0.055
     399.89     0.009
