%%   11.84796  41.06589   -1   0.20000
% LAB  survey ------------------
% wanted position:  l, b, RA, DEC, and interpolated  NH
%122.11 ; -21.80 ;  11.85 ;  41.07 ;  0.707E+21
% nearest position: l, b, RA, DEC, and observed NH
%122.00 ; -22.00 ;  11.72 ;  40.86 ;  0.633E+21
% GASS III survey --------------
% NH - median within 6 arcmin radius   0.00    
% NH - mean within specified beam      0.00    
% EBHIS survey -----------------
% NH  within specified beam           0.609E+21
%%EBHIS   621  datapoints: v_lsr [km/s] and T_B [K]
    -399.25    -0.066
    -397.96    -0.050
    -396.68     0.011
    -395.39     0.024
    -394.10    -0.039
    -392.81    -0.081
    -391.52    -0.002
    -390.23     0.032
    -388.95    -0.004
    -387.66    -0.042
    -386.37    -0.063
    -385.08     0.064
    -383.79     0.033
    -382.50    -0.004
    -381.22     0.083
    -379.93     0.040
    -378.64    -0.030
    -377.35    -0.001
    -376.06    -0.090
    -374.78    -0.000
    -373.49     0.001
    -372.20    -0.095
    -370.91    -0.120
    -369.62     0.035
    -368.33     0.043
    -367.05    -0.108
    -365.76    -0.046
    -364.47    -0.015
    -363.18    -0.120
    -361.89    -0.022
    -360.60    -0.103
    -359.32     0.061
    -358.03     0.020
    -356.74     0.013
    -355.45    -0.055
    -354.16    -0.067
    -352.88     0.011
    -351.59    -0.107
    -350.30    -0.076
    -349.01     0.047
    -347.72    -0.053
    -346.43    -0.044
    -345.15    -0.110
    -343.86    -0.030
    -342.57    -0.119
    -341.28    -0.019
    -339.99    -0.123
    -338.70    -0.055
    -337.42    -0.038
    -336.13    -0.076
    -334.84    -0.025
    -333.55    -0.080
    -332.26    -0.187
    -330.98    -0.085
    -329.69    -0.060
    -328.40    -0.057
    -327.11    -0.065
    -325.82    -0.013
    -324.53     0.072
    -323.25    -0.043
    -321.96    -0.007
    -320.67    -0.032
    -319.38    -0.064
    -318.09    -0.023
    -316.80    -0.035
    -315.52    -0.012
    -314.23    -0.017
    -312.94    -0.024
    -311.65     0.059
    -310.36    -0.052
    -309.08    -0.000
    -307.79     0.016
    -306.50     0.028
    -305.21    -0.120
    -303.92    -0.074
    -302.63    -0.051
    -301.35    -0.004
    -300.06     0.041
    -298.77    -0.022
    -297.48     0.001
    -296.19    -0.001
    -294.90     0.013
    -293.62    -0.030
    -292.33    -0.002
    -291.04     0.012
    -289.75    -0.059
    -288.46     0.006
    -287.18     0.102
    -285.89     0.014
    -284.60    -0.074
    -283.31     0.007
    -282.02    -0.029
    -280.73     0.015
    -279.45     0.028
    -278.16     0.150
    -276.87     0.112
    -275.58    -0.010
    -274.29     0.012
    -273.00     0.046
    -271.72     0.070
    -270.43     0.079
    -269.14     0.073
    -267.85     0.013
    -266.56     0.052
    -265.28     0.077
    -263.99     0.106
    -262.70    -0.012
    -261.41    -0.032
    -260.12     0.009
    -258.83     0.075
    -257.55     0.189
    -256.26     0.078
    -254.97     0.098
    -253.68     0.203
    -252.39     0.084
    -251.10     0.060
    -249.82     0.097
    -248.53     0.108
    -247.24     0.039
    -245.95     0.080
    -244.66     0.088
    -243.38     0.173
    -242.09     0.137
    -240.80     0.030
    -239.51     0.063
    -238.22    -0.004
    -236.93     0.089
    -235.65     0.134
    -234.36     0.079
    -233.07     0.113
    -231.78     0.174
    -230.49     0.152
    -229.20     0.064
    -227.92     0.012
    -226.63     0.071
    -225.34     0.020
    -224.05     0.060
    -222.76    -0.034
    -221.48     0.079
    -220.19     0.088
    -218.90     0.047
    -217.61    -0.064
    -216.32     0.050
    -215.03     0.048
    -213.75    -0.070
    -212.46    -0.016
    -211.17     0.045
    -209.88     0.077
    -208.59    -0.025
    -207.30     0.147
    -206.02    -0.057
    -204.73    -0.048
    -203.44     0.084
    -202.15     0.104
    -200.86     0.089
    -199.58     0.105
    -198.29     0.022
    -197.00     0.046
    -195.71     0.085
    -194.42     0.116
    -193.13     0.028
    -191.85    -0.048
    -190.56     0.060
    -189.27     0.160
    -187.98     0.131
    -186.69     0.061
    -185.40     0.062
    -184.12     0.067
    -182.83    -0.006
    -181.54     0.067
    -180.25     0.068
    -178.96     0.049
    -177.68    -0.015
    -176.39    -0.070
    -175.10    -0.000
    -173.81     0.006
    -172.52     0.191
    -171.23     0.081
    -169.95     0.052
    -168.66    -0.035
    -167.37    -0.102
    -166.08    -0.082
    -164.79    -0.044
    -163.50     0.024
    -162.22     0.022
    -160.93     0.002
    -159.64     0.066
    -158.35     0.027
    -157.06     0.037
    -155.78     0.043
    -154.49     0.013
    -153.20    -0.039
    -151.91     0.017
    -150.62    -0.086
    -149.33     0.024
    -148.05    -0.035
    -146.76    -0.006
    -145.47     0.085
    -144.18     0.047
    -142.89     0.048
    -141.60     0.027
    -140.32     0.050
    -139.03     0.102
    -137.74    -0.060
    -136.45     0.049
    -135.16     0.053
    -133.88     0.041
    -132.59     0.055
    -131.30     0.119
    -130.01     0.104
    -128.72     0.065
    -127.43    -0.005
    -126.15     0.044
    -124.86     0.088
    -123.57     0.083
    -122.28     0.047
    -120.99    -0.024
    -119.70     0.070
    -118.42    -0.067
    -117.13     0.037
    -115.84     0.037
    -114.55     0.043
    -113.26     0.033
    -111.98     0.120
    -110.69     0.017
    -109.40     0.193
    -108.11     0.229
    -106.82     0.116
    -105.53     0.187
    -104.25     0.163
    -102.96     0.076
    -101.67     0.092
    -100.38     0.086
     -99.09     0.166
     -97.80     0.001
     -96.52     0.090
     -95.23     0.156
     -93.94     0.053
     -92.65     0.069
     -91.36     0.094
     -90.08     0.064
     -88.79     0.109
     -87.50     0.132
     -86.21     0.197
     -84.92     0.152
     -83.63     0.122
     -82.35     0.271
     -81.06     0.178
     -79.77     0.373
     -78.48     0.409
     -77.19     0.532
     -75.90     0.648
     -74.62     0.710
     -73.33     0.768
     -72.04     0.879
     -70.75     1.164
     -69.46     1.214
     -68.18     1.301
     -66.89     1.196
     -65.60     1.328
     -64.31     1.380
     -63.02     1.315
     -61.73     1.288
     -60.45     1.333
     -59.16     1.370
     -57.87     1.417
     -56.58     1.542
     -55.29     1.520
     -54.00     1.811
     -52.72     1.832
     -51.43     1.995
     -50.14     2.280
     -48.85     2.343
     -47.56     2.559
     -46.28     2.734
     -44.99     2.865
     -43.70     2.965
     -42.41     3.214
     -41.12     3.309
     -39.83     3.227
     -38.55     3.175
     -37.26     3.128
     -35.97     3.158
     -34.68     2.955
     -33.39     2.994
     -32.10     2.839
     -30.82     2.877
     -29.53     2.918
     -28.24     2.941
     -26.95     3.361
     -25.66     3.869
     -24.38     4.448
     -23.09     4.681
     -21.80     4.865
     -20.51     4.646
     -19.22     4.639
     -17.93     4.176
     -16.65     3.689
     -15.36     3.396
     -14.07     3.122
     -12.78     3.165
     -11.49     3.270
     -10.20     3.325
      -8.92     3.588
      -7.63     4.047
      -6.34     4.662
      -5.05     5.578
      -3.76     7.026
      -2.48     8.692
      -1.19    10.035
       0.10    11.071
       1.39    11.742
       2.68    11.270
       3.97     8.758
       5.25     6.600
       6.54     5.455
       7.83     4.655
       9.12     3.955
      10.41     2.948
      11.70     2.084
      12.98     1.494
      14.27     1.009
      15.56     0.865
      16.85     0.645
      18.14     0.276
      19.42     0.252
      20.71     0.120
      22.00     0.153
      23.29     0.234
      24.58     0.158
      25.87     0.059
      27.15     0.065
      28.44    -0.032
      29.73     0.002
      31.02     0.110
      32.31     0.003
      33.60     0.029
      34.88    -0.016
      36.17    -0.117
      37.46    -0.072
      38.75     0.026
      40.04     0.035
      41.32    -0.022
      42.61    -0.083
      43.90     0.038
      45.19     0.014
      46.48     0.010
      47.77     0.032
      49.05    -0.057
      50.34    -0.015
      51.63    -0.072
      52.92     0.038
      54.21    -0.042
      55.50    -0.064
      56.78     0.061
      58.07    -0.050
      59.36     0.003
      60.65     0.065
      61.94     0.111
      63.22     0.107
      64.51     0.097
      65.80     0.091
      67.09     0.013
      68.38    -0.062
      69.67    -0.048
      70.95    -0.122
      72.24    -0.049
      73.53    -0.000
      74.82    -0.072
      76.11    -0.104
      77.40     0.015
      78.68    -0.004
      79.97    -0.077
      81.26     0.010
      82.55    -0.056
      83.84    -0.044
      85.12    -0.066
      86.41     0.067
      87.70     0.088
      88.99     0.007
      90.28     0.104
      91.57     0.172
      92.85     0.031
      94.14    -0.072
      95.43    -0.004
      96.72    -0.042
      98.01     0.052
      99.30     0.071
     100.58     0.050
     101.87    -0.018
     103.16     0.068
     104.45     0.055
     105.74    -0.028
     107.02     0.006
     108.31     0.097
     109.60     0.016
     110.89    -0.053
     112.18    -0.060
     113.47     0.072
     114.75    -0.039
     116.04    -0.031
     117.33    -0.083
     118.62     0.087
     119.91     0.054
     121.20     0.085
     122.48     0.094
     123.77     0.145
     125.06     0.083
     126.35     0.027
     127.64     0.045
     128.92     0.005
     130.21    -0.041
     131.50     0.115
     132.79     0.094
     134.08    -0.060
     135.37    -0.005
     136.65     0.011
     137.94    -0.104
     139.23    -0.098
     140.52    -0.092
     141.81    -0.068
     143.09     0.073
     144.38     0.103
     145.67    -0.055
     146.96     0.001
     148.25    -0.021
     149.54     0.048
     150.82     0.067
     152.11     0.096
     153.40     0.088
     154.69     0.049
     155.98     0.084
     157.27    -0.008
     158.55    -0.085
     159.84     0.027
     161.13    -0.009
     162.42     0.029
     163.71    -0.040
     164.99    -0.070
     166.28    -0.085
     167.57    -0.019
     168.86     0.020
     170.15     0.014
     171.44     0.056
     172.72     0.108
     174.01     0.083
     175.30     0.011
     176.59    -0.074
     177.88    -0.008
     179.17     0.106
     180.45     0.137
     181.74    -0.006
     183.03     0.066
     184.32     0.026
     185.61    -0.014
     186.89    -0.063
     188.18     0.012
     189.47    -0.041
     190.76     0.010
     192.05    -0.103
     193.34     0.040
     194.62    -0.082
     195.91    -0.000
     197.20     0.047
     198.49     0.019
     199.78    -0.033
     201.07    -0.055
     202.35     0.004
     203.64     0.083
     204.93     0.023
     206.22    -0.040
     207.51     0.035
     208.79     0.025
     210.08     0.113
     211.37     0.095
     212.66    -0.000
     213.95    -0.075
     215.24    -0.070
     216.52    -0.048
     217.81    -0.047
     219.10    -0.078
     220.39    -0.079
     221.68     0.019
     222.97     0.008
     224.25    -0.063
     225.54    -0.009
     226.83    -0.005
     228.12    -0.040
     229.41     0.125
     230.69     0.075
     231.98     0.032
     233.27    -0.050
     234.56    -0.050
     235.85    -0.033
     237.14    -0.014
     238.42    -0.074
     239.71    -0.021
     241.00     0.097
     242.29    -0.007
     243.58    -0.044
     244.87     0.014
     246.15     0.041
     247.44     0.010
     248.73    -0.061
     250.02    -0.041
     251.31     0.013
     252.59     0.005
     253.88    -0.052
     255.17    -0.003
     256.46     0.095
     257.75    -0.079
     259.04    -0.052
     260.32    -0.076
     261.61    -0.037
     262.90     0.046
     264.19    -0.006
     265.48     0.120
     266.77    -0.028
     268.05    -0.107
     269.34    -0.056
     270.63    -0.082
     271.92    -0.004
     273.21    -0.150
     274.49    -0.127
     275.78    -0.080
     277.07     0.032
     278.36     0.001
     279.65     0.169
     280.94     0.108
     282.22     0.111
     283.51     0.061
     284.80     0.034
     286.09    -0.040
     287.38    -0.068
     288.67     0.048
     289.95     0.119
     291.24     0.033
     292.53     0.086
     293.82     0.030
     295.11    -0.023
     296.39    -0.036
     297.68     0.065
     298.97    -0.038
     300.26    -0.054
     301.55     0.007
     302.84     0.037
     304.12     0.106
     305.41     0.022
     306.70    -0.003
     307.99     0.012
     309.28    -0.066
     310.57    -0.050
     311.85    -0.055
     313.14    -0.003
     314.43     0.066
     315.72     0.107
     317.01    -0.007
     318.29     0.000
     319.58     0.143
     320.87     0.066
     322.16     0.028
     323.45    -0.062
     324.74    -0.054
     326.02    -0.064
     327.31    -0.109
     328.60     0.033
     329.89     0.085
     331.18     0.036
     332.47    -0.036
     333.75    -0.066
     335.04    -0.090
     336.33    -0.069
     337.62    -0.033
     338.91     0.045
     340.19    -0.068
     341.48     0.126
     342.77     0.007
     344.06     0.024
     345.35    -0.048
     346.64    -0.005
     347.92    -0.007
     349.21     0.006
     350.50     0.111
     351.79     0.125
     353.08    -0.011
     354.37    -0.046
     355.65    -0.100
     356.94     0.013
     358.23     0.046
     359.52     0.071
     360.81     0.071
     362.09    -0.067
     363.38    -0.098
     364.67    -0.054
     365.96     0.004
     367.25     0.038
     368.54    -0.108
     369.82    -0.048
     371.11    -0.125
     372.40     0.060
     373.69     0.025
     374.98    -0.032
     376.27    -0.003
     377.55     0.048
     378.84     0.024
     380.13     0.009
     381.42    -0.015
     382.71    -0.020
     383.99    -0.016
     385.28    -0.054
     386.57    -0.062
     387.86    -0.028
     389.15    -0.081
     390.44    -0.015
     391.72     0.016
     393.01    -0.016
     394.30    -0.003
     395.59     0.011
     396.88     0.037
     398.17    -0.070
     399.45    -0.054
%%GASS      0  datapoints: v_lsr [km/s] and T_B [K]
%%LAB     777  datapoints: v_lsr [km/s] and T_B [K]
    -399.89     0.063
    -398.86    -0.125
    -397.83    -0.056
    -396.80    -0.085
    -395.77     0.004
    -394.74    -0.047
    -393.71     0.017
    -392.68     0.000
    -391.65    -0.029
    -390.61    -0.004
    -389.58     0.101
    -388.55    -0.051
    -387.52    -0.106
    -386.49     0.054
    -385.46     0.007
    -384.43     0.063
    -383.40     0.033
    -382.37     0.002
    -381.34     0.078
    -380.31    -0.022
    -379.28    -0.075
    -378.25    -0.159
    -377.22    -0.001
    -376.19     0.089
    -375.15    -0.042
    -374.12    -0.014
    -373.09    -0.143
    -372.06    -0.192
    -371.03    -0.038
    -370.00     0.049
    -368.97     0.010
    -367.94    -0.057
    -366.91    -0.039
    -365.88    -0.010
    -364.85     0.075
    -363.82     0.148
    -362.79     0.084
    -361.76     0.035
    -360.73     0.018
    -359.70    -0.004
    -358.66    -0.000
    -357.63     0.027
    -356.60     0.015
    -355.57     0.025
    -354.54    -0.025
    -353.51    -0.024
    -352.48     0.030
    -351.45    -0.039
    -350.42    -0.052
    -349.39     0.057
    -348.36     0.101
    -347.33     0.101
    -346.30     0.025
    -345.27    -0.065
    -344.24    -0.030
    -343.20    -0.073
    -342.17     0.058
    -341.14     0.046
    -340.11     0.015
    -339.08    -0.090
    -338.05     0.062
    -337.02     0.006
    -335.99     0.104
    -334.96     0.021
    -333.93     0.113
    -332.90     0.041
    -331.87    -0.034
    -330.84     0.162
    -329.81     0.069
    -328.78    -0.016
    -327.75     0.136
    -326.71     0.077
    -325.68     0.067
    -324.65     0.167
    -323.62     0.053
    -322.59     0.089
    -321.56     0.272
    -320.53    -0.038
    -319.50     0.168
    -318.47     0.107
    -317.44     0.152
    -316.41     0.033
    -315.38     0.172
    -314.35     0.040
    -313.32     0.095
    -312.29     0.070
    -311.25     0.041
    -310.22     0.086
    -309.19     0.092
    -308.16     0.032
    -307.13     0.166
    -306.10     0.174
    -305.07     0.191
    -304.04     0.172
    -303.01     0.179
    -301.98     0.195
    -300.95     0.250
    -299.92     0.219
    -298.89     0.209
    -297.86     0.253
    -296.83     0.296
    -295.80     0.247
    -294.76     0.228
    -293.73     0.288
    -292.70     0.291
    -291.67     0.228
    -290.64     0.232
    -289.61     0.276
    -288.58     0.281
    -287.55     0.205
    -286.52     0.231
    -285.49     0.277
    -284.46     0.197
    -283.43     0.165
    -282.40     0.196
    -281.37     0.237
    -280.34     0.206
    -279.30     0.221
    -278.27     0.296
    -277.24     0.297
    -276.21     0.296
    -275.18     0.270
    -274.15     0.346
    -273.12     0.381
    -272.09     0.283
    -271.06     0.245
    -270.03     0.462
    -269.00     0.178
    -267.97     0.277
    -266.94     0.284
    -265.91     0.362
    -264.88     0.249
    -263.85     0.380
    -262.81     0.304
    -261.78     0.342
    -260.75     0.400
    -259.72     0.349
    -258.69     0.308
    -257.66     0.467
    -256.63     0.348
    -255.60     0.419
    -254.57     0.373
    -253.54     0.394
    -252.51     0.306
    -251.48     0.453
    -250.45     0.383
    -249.42     0.357
    -248.39     0.278
    -247.35     0.405
    -246.32     0.387
    -245.29     0.298
    -244.26     0.271
    -243.23     0.460
    -242.20     0.282
    -241.17     0.413
    -240.14     0.232
    -239.11     0.461
    -238.08     0.352
    -237.05     0.366
    -236.02     0.402
    -234.99     0.270
    -233.96     0.238
    -232.93     0.414
    -231.90     0.245
    -230.86     0.291
    -229.83     0.339
    -228.80     0.289
    -227.77     0.348
    -226.74     0.394
    -225.71     0.274
    -224.68     0.367
    -223.65     0.288
    -222.62     0.313
    -221.59     0.213
    -220.56     0.283
    -219.53     0.340
    -218.50     0.330
    -217.47     0.289
    -216.44     0.284
    -215.40     0.311
    -214.37     0.176
    -213.34     0.263
    -212.31     0.221
    -211.28     0.215
    -210.25     0.167
    -209.22     0.214
    -208.19     0.406
    -207.16     0.252
    -206.13     0.311
    -205.10     0.247
    -204.07     0.313
    -203.04     0.199
    -202.01     0.221
    -200.98     0.251
    -199.95     0.253
    -198.91     0.157
    -197.88     0.229
    -196.85     0.178
    -195.82     0.260
    -194.79     0.243
    -193.76     0.120
    -192.73     0.200
    -191.70     0.213
    -190.67     0.138
    -189.64     0.185
    -188.61     0.120
    -187.58     0.224
    -186.55     0.053
    -185.52     0.129
    -184.49     0.057
    -183.45     0.293
    -182.42     0.162
    -181.39     0.160
    -180.36     0.236
    -179.33     0.169
    -178.30     0.194
    -177.27     0.212
    -176.24     0.177
    -175.21     0.064
    -174.18     0.027
    -173.15     0.046
    -172.12     0.158
    -171.09     0.151
    -170.06     0.281
    -169.03     0.148
    -168.00     0.086
    -166.96     0.219
    -165.93     0.178
    -164.90     0.152
    -163.87     0.164
    -162.84     0.176
    -161.81     0.089
    -160.78     0.074
    -159.75     0.183
    -158.72     0.084
    -157.69     0.101
    -156.66     0.144
    -155.63     0.142
    -154.60     0.149
    -153.57     0.052
    -152.54     0.168
    -151.50     0.091
    -150.47     0.158
    -149.44     0.195
    -148.41     0.236
    -147.38     0.156
    -146.35     0.192
    -145.32     0.129
    -144.29     0.159
    -143.26     0.038
    -142.23     0.111
    -141.20     0.038
    -140.17     0.063
    -139.14     0.111
    -138.11     0.191
    -137.08     0.107
    -136.05     0.177
    -135.01     0.117
    -133.98     0.104
    -132.95     0.120
    -131.92     0.047
    -130.89     0.135
    -129.86     0.173
    -128.83     0.122
    -127.80     0.151
    -126.77     0.009
    -125.74     0.083
    -124.71    -0.014
    -123.68     0.171
    -122.65     0.057
    -121.62     0.071
    -120.59     0.063
    -119.55     0.087
    -118.52     0.076
    -117.49     0.117
    -116.46     0.068
    -115.43     0.063
    -114.40     0.105
    -113.37     0.090
    -112.34     0.044
    -111.31     0.175
    -110.28     0.105
    -109.25     0.104
    -108.22     0.121
    -107.19     0.217
    -106.16     0.024
    -105.13     0.219
    -104.10     0.073
    -103.06     0.156
    -102.03     0.210
    -101.00     0.285
     -99.97     0.207
     -98.94     0.234
     -97.91     0.042
     -96.88     0.137
     -95.85     0.151
     -94.82     0.167
     -93.79     0.170
     -92.76     0.228
     -91.73     0.211
     -90.70     0.138
     -89.67     0.240
     -88.64     0.191
     -87.60     0.304
     -86.57     0.210
     -85.54     0.186
     -84.51     0.156
     -83.48     0.268
     -82.45     0.221
     -81.42     0.337
     -80.39     0.350
     -79.36     0.259
     -78.33     0.259
     -77.30     0.332
     -76.27     0.395
     -75.24     0.536
     -74.21     0.526
     -73.18     0.731
     -72.15     0.784
     -71.11     0.772
     -70.08     1.025
     -69.05     1.052
     -68.02     1.188
     -66.99     1.299
     -65.96     1.422
     -64.93     1.224
     -63.90     1.385
     -62.87     1.312
     -61.84     1.324
     -60.81     1.476
     -59.78     1.453
     -58.75     1.499
     -57.72     1.703
     -56.69     1.542
     -55.65     1.698
     -54.62     1.660
     -53.59     1.807
     -52.56     2.023
     -51.53     2.100
     -50.50     2.225
     -49.47     2.524
     -48.44     2.567
     -47.41     2.767
     -46.38     2.930
     -45.35     3.024
     -44.32     3.226
     -43.29     3.251
     -42.26     3.342
     -41.23     3.378
     -40.20     3.465
     -39.16     3.337
     -38.13     3.334
     -37.10     3.439
     -36.07     3.231
     -35.04     3.244
     -34.01     3.180
     -32.98     3.254
     -31.95     3.085
     -30.92     2.994
     -29.89     2.973
     -28.86     3.089
     -27.83     3.163
     -26.80     3.423
     -25.77     3.661
     -24.74     4.001
     -23.70     4.083
     -22.67     4.364
     -21.64     4.231
     -20.61     4.538
     -19.58     4.522
     -18.55     4.415
     -17.52     3.960
     -16.49     3.563
     -15.46     3.327
     -14.43     3.145
     -13.40     2.949
     -12.37     3.082
     -11.34     3.020
     -10.31     3.236
      -9.28     3.439
      -8.25     3.853
      -7.21     4.180
      -6.18     4.716
      -5.15     5.227
      -4.12     6.513
      -3.09     7.951
      -2.06     9.515
      -1.03    10.963
       0.00    11.971
       1.03    12.663
       2.06    13.259
       3.09    11.524
       4.12     8.831
       5.15     7.142
       6.18     6.217
       7.21     5.431
       8.25     4.842
       9.28     4.102
      10.31     3.247
      11.34     2.561
      12.37     1.974
      13.40     1.454
      14.43     1.107
      15.46     0.765
      16.49     0.863
      17.52     0.632
      18.55     0.572
      19.58     0.288
      20.61     0.272
      21.64     0.365
      22.67     0.345
      23.70     0.116
      24.74     0.077
      25.77     0.092
      26.80     0.088
      27.83     0.023
      28.86     0.034
      29.89    -0.087
      30.92     0.103
      31.95     0.110
      32.98    -0.041
      34.01     0.011
      35.04     0.152
      36.07     0.024
      37.10     0.218
      38.13     0.053
      39.16     0.065
      40.20     0.077
      41.23     0.121
      42.26     0.054
      43.29     0.240
      44.32    -0.056
      45.35     0.118
      46.38     0.114
      47.41     0.007
      48.44     0.073
      49.47     0.113
      50.50    -0.026
      51.53     0.199
      52.56    -0.078
      53.59     0.070
      54.62    -0.057
      55.65     0.066
      56.69     0.001
      57.72     0.123
      58.75    -0.018
      59.78     0.145
      60.81    -0.001
      61.84    -0.000
      62.87    -0.001
      63.90     0.000
      64.93    -0.002
      65.96    -0.002
      66.99     0.000
      68.02    -0.002
      69.05    -0.000
      70.08    -0.001
      71.11    -0.000
      72.15     0.131
      73.18     0.050
      74.21    -0.052
      75.24     0.078
      76.27    -0.048
      77.30     0.029
      78.33    -0.114
      79.36    -0.015
      80.39    -0.076
      81.42     0.039
      82.45    -0.041
      83.48     0.022
      84.51    -0.045
      85.54     0.001
      86.57    -0.060
      87.60    -0.019
      88.64     0.095
      89.67     0.132
      90.70     0.052
      91.73     0.028
      92.76    -0.050
      93.79     0.082
      94.82     0.126
      95.85     0.081
      96.88    -0.091
      97.91     0.059
      98.94     0.007
      99.97     0.088
     101.00    -0.043
     102.03     0.123
     103.06    -0.012
     104.10    -0.094
     105.13    -0.108
     106.16     0.142
     107.19     0.023
     108.22    -0.097
     109.25     0.162
     110.28     0.004
     111.31    -0.047
     112.34     0.110
     113.37     0.047
     114.40    -0.001
     115.43     0.014
     116.46     0.044
     117.49     0.056
     118.52     0.080
     119.55     0.096
     120.59     0.003
     121.62     0.001
     122.65     0.009
     123.68     0.009
     124.71     0.039
     125.74     0.008
     126.77     0.052
     127.80    -0.021
     128.83     0.031
     129.86    -0.081
     130.89    -0.013
     131.92    -0.059
     132.95    -0.022
     133.98     0.026
     135.01    -0.088
     136.05     0.059
     137.08     0.014
     138.11     0.054
     139.14    -0.035
     140.17     0.050
     141.20     0.008
     142.23    -0.031
     143.26     0.033
     144.29    -0.171
     145.32     0.016
     146.35     0.006
     147.38    -0.060
     148.41    -0.124
     149.44     0.058
     150.47     0.011
     151.50    -0.005
     152.54    -0.074
     153.57     0.068
     154.60    -0.025
     155.63    -0.016
     156.66    -0.074
     157.69    -0.065
     158.72    -0.023
     159.75    -0.087
     160.78    -0.019
     161.81    -0.006
     162.84    -0.045
     163.87    -0.069
     164.90    -0.094
     165.93    -0.027
     166.96    -0.043
     168.00     0.065
     169.03     0.012
     170.06    -0.002
     171.09    -0.089
     172.12     0.070
     173.15     0.020
     174.18     0.021
     175.21     0.001
     176.24    -0.011
     177.27    -0.108
     178.30     0.003
     179.33    -0.029
     180.36     0.041
     181.39     0.049
     182.42    -0.040
     183.45    -0.041
     184.49     0.054
     185.52    -0.071
     186.55    -0.044
     187.58    -0.015
     188.61    -0.116
     189.64     0.030
     190.67     0.012
     191.70    -0.005
     192.73    -0.026
     193.76     0.048
     194.79    -0.004
     195.82     0.101
     196.85     0.087
     197.88    -0.001
     198.91    -0.061
     199.95     0.013
     200.98    -0.130
     202.01    -0.104
     203.04     0.049
     204.07    -0.002
     205.10     0.022
     206.13     0.031
     207.16     0.102
     208.19     0.059
     209.22     0.027
     210.25    -0.027
     211.28    -0.075
     212.31     0.074
     213.34    -0.068
     214.37     0.049
     215.40    -0.080
     216.44     0.105
     217.47    -0.013
     218.50    -0.029
     219.53    -0.002
     220.56    -0.013
     221.59     0.059
     222.62    -0.018
     223.65    -0.116
     224.68     0.009
     225.71    -0.062
     226.74     0.050
     227.77     0.093
     228.80     0.016
     229.83    -0.043
     230.86     0.150
     231.90    -0.019
     232.93     0.030
     233.96     0.097
     234.99     0.027
     236.02    -0.043
     237.05    -0.044
     238.08    -0.026
     239.11     0.015
     240.14    -0.064
     241.17     0.003
     242.20     0.019
     243.23    -0.037
     244.26    -0.107
     245.29     0.096
     246.32     0.033
     247.35    -0.008
     248.39    -0.043
     249.42     0.109
     250.45    -0.007
     251.48     0.093
     252.51     0.035
     253.54    -0.043
     254.57    -0.013
     255.60     0.022
     256.63    -0.110
     257.66     0.111
     258.69    -0.093
     259.72     0.084
     260.75    -0.030
     261.78    -0.039
     262.81    -0.058
     263.85     0.192
     264.88    -0.106
     265.91    -0.082
     266.94     0.027
     267.97    -0.037
     269.00    -0.053
     270.03    -0.014
     271.06    -0.087
     272.09    -0.034
     273.12    -0.039
     274.15     0.019
     275.18    -0.007
     276.21    -0.103
     277.24    -0.013
     278.27    -0.075
     279.30    -0.068
     280.34     0.058
     281.37    -0.051
     282.40    -0.007
     283.43    -0.030
     284.46    -0.070
     285.49    -0.097
     286.52    -0.067
     287.55     0.010
     288.58     0.038
     289.61    -0.023
     290.64    -0.043
     291.67    -0.061
     292.70     0.054
     293.73     0.082
     294.76     0.027
     295.80    -0.029
     296.83     0.013
     297.86     0.009
     298.89     0.020
     299.92     0.077
     300.95     0.032
     301.98     0.034
     303.01     0.019
     304.04     0.089
     305.07     0.105
     306.10    -0.017
     307.13    -0.024
     308.16    -0.089
     309.19     0.015
     310.22    -0.006
     311.25    -0.035
     312.29     0.114
     313.32    -0.025
     314.35    -0.017
     315.38    -0.060
     316.41    -0.073
     317.44     0.029
     318.47    -0.148
     319.50     0.048
     320.53    -0.062
     321.56    -0.016
     322.59    -0.042
     323.62     0.051
     324.65    -0.075
     325.68     0.062
     326.71     0.091
     327.75    -0.027
     328.78     0.088
     329.81     0.084
     330.84    -0.007
     331.87    -0.023
     332.90    -0.061
     333.93     0.003
     334.96    -0.036
     335.99     0.151
     337.02    -0.047
     338.05     0.009
     339.08    -0.055
     340.11     0.086
     341.14    -0.016
     342.17    -0.080
     343.20    -0.125
     344.24     0.009
     345.27     0.008
     346.30     0.057
     347.33     0.007
     348.36     0.044
     349.39     0.019
     350.42     0.105
     351.45    -0.025
     352.48    -0.053
     353.51     0.034
     354.54    -0.001
     355.57    -0.135
     356.60     0.034
     357.63    -0.024
     358.66    -0.010
     359.70     0.002
     360.73     0.028
     361.76     0.014
     362.79     0.071
     363.82    -0.092
     364.85     0.121
     365.88    -0.166
     366.91     0.060
     367.94     0.058
     368.97     0.009
     370.00     0.012
     371.03    -0.024
     372.06     0.057
     373.09     0.012
     374.12     0.031
     375.15    -0.014
     376.19    -0.061
     377.22     0.052
     378.25    -0.028
     379.28    -0.022
     380.31    -0.022
     381.34     0.132
     382.37    -0.118
     383.40    -0.009
     384.43     0.000
     385.46     0.045
     386.49     0.014
     387.52     0.064
     388.55    -0.116
     389.58    -0.005
     390.61     0.049
     391.65    -0.093
     392.68    -0.008
     393.71     0.091
     394.74     0.006
     395.77    -0.007
     396.80     0.025
     397.83    -0.036
     398.86     0.123
     399.89     0.128
