%%    9.46042  41.04711   -1   0.20000
% LAB  survey ------------------
% wanted position:  l, b, RA, DEC, and interpolated  NH
%120.17 ; -21.75 ;   9.46 ;  41.05 ;  0.591E+21
% nearest position: l, b, RA, DEC, and observed NH
%120.00 ; -22.00 ;   9.27 ;  40.79 ;  0.564E+21
% GASS III survey --------------
% NH - median within 6 arcmin radius   0.00    
% NH - mean within specified beam      0.00    
% EBHIS survey -----------------
% NH  within specified beam           0.634E+21
%%EBHIS   621  datapoints: v_lsr [km/s] and T_B [K]
    -399.25     0.068
    -397.96     0.085
    -396.68     0.017
    -395.39     0.060
    -394.10     0.096
    -392.81     0.054
    -391.52     0.110
    -390.23     0.137
    -388.95     0.094
    -387.66     0.114
    -386.37     0.018
    -385.08     0.002
    -383.79     0.082
    -382.50    -0.004
    -381.22     0.122
    -379.93     0.013
    -378.64     0.104
    -377.35     0.154
    -376.06     0.033
    -374.78     0.045
    -373.49     0.062
    -372.20     0.052
    -370.91    -0.007
    -369.62     0.085
    -368.33    -0.118
    -367.05     0.006
    -365.76     0.016
    -364.47    -0.053
    -363.18     0.057
    -361.89    -0.015
    -360.60     0.037
    -359.32     0.025
    -358.03     0.042
    -356.74    -0.041
    -355.45     0.092
    -354.16     0.031
    -352.88    -0.051
    -351.59    -0.037
    -350.30    -0.020
    -349.01     0.031
    -347.72     0.018
    -346.43    -0.005
    -345.15     0.106
    -343.86     0.032
    -342.57    -0.005
    -341.28    -0.018
    -339.99     0.090
    -338.70     0.049
    -337.42     0.025
    -336.13     0.012
    -334.84     0.024
    -333.55    -0.027
    -332.26    -0.013
    -330.98    -0.059
    -329.69     0.064
    -328.40     0.038
    -327.11    -0.002
    -325.82    -0.006
    -324.53     0.094
    -323.25     0.054
    -321.96    -0.044
    -320.67    -0.030
    -319.38     0.003
    -318.09    -0.018
    -316.80     0.121
    -315.52     0.133
    -314.23    -0.065
    -312.94    -0.042
    -311.65     0.005
    -310.36    -0.042
    -309.08     0.008
    -307.79    -0.027
    -306.50     0.015
    -305.21     0.037
    -303.92    -0.064
    -302.63    -0.043
    -301.35     0.030
    -300.06    -0.077
    -298.77    -0.039
    -297.48     0.030
    -296.19     0.072
    -294.90     0.014
    -293.62     0.084
    -292.33    -0.004
    -291.04    -0.018
    -289.75     0.075
    -288.46    -0.001
    -287.18     0.024
    -285.89    -0.108
    -284.60    -0.012
    -283.31    -0.036
    -282.02     0.005
    -280.73     0.036
    -279.45    -0.058
    -278.16    -0.019
    -276.87     0.016
    -275.58     0.087
    -274.29     0.020
    -273.00    -0.055
    -271.72    -0.112
    -270.43    -0.085
    -269.14    -0.067
    -267.85    -0.069
    -266.56    -0.091
    -265.28     0.011
    -263.99    -0.014
    -262.70     0.015
    -261.41    -0.049
    -260.12     0.053
    -258.83     0.134
    -257.55    -0.079
    -256.26     0.142
    -254.97     0.119
    -253.68    -0.047
    -252.39     0.020
    -251.10     0.024
    -249.82    -0.069
    -248.53     0.079
    -247.24     0.010
    -245.95     0.013
    -244.66     0.024
    -243.38    -0.055
    -242.09    -0.053
    -240.80     0.081
    -239.51    -0.000
    -238.22     0.011
    -236.93    -0.009
    -235.65    -0.037
    -234.36     0.109
    -233.07     0.045
    -231.78    -0.026
    -230.49    -0.008
    -229.20     0.027
    -227.92     0.068
    -226.63     0.034
    -225.34    -0.029
    -224.05     0.006
    -222.76    -0.025
    -221.48    -0.071
    -220.19    -0.055
    -218.90    -0.067
    -217.61     0.049
    -216.32     0.068
    -215.03     0.127
    -213.75    -0.079
    -212.46     0.015
    -211.17     0.013
    -209.88     0.015
    -208.59    -0.038
    -207.30     0.070
    -206.02     0.105
    -204.73     0.010
    -203.44     0.023
    -202.15     0.058
    -200.86     0.056
    -199.58     0.131
    -198.29     0.106
    -197.00     0.065
    -195.71     0.094
    -194.42    -0.020
    -193.13    -0.017
    -191.85    -0.012
    -190.56     0.022
    -189.27     0.109
    -187.98    -0.044
    -186.69    -0.132
    -185.40     0.012
    -184.12    -0.040
    -182.83    -0.024
    -181.54     0.028
    -180.25     0.120
    -178.96     0.052
    -177.68     0.063
    -176.39     0.133
    -175.10     0.025
    -173.81     0.088
    -172.52     0.105
    -171.23     0.008
    -169.95    -0.033
    -168.66    -0.035
    -167.37     0.117
    -166.08     0.078
    -164.79     0.047
    -163.50     0.067
    -162.22     0.134
    -160.93    -0.076
    -159.64    -0.081
    -158.35    -0.022
    -157.06     0.001
    -155.78     0.002
    -154.49    -0.032
    -153.20     0.013
    -151.91    -0.028
    -150.62    -0.035
    -149.33    -0.025
    -148.05    -0.041
    -146.76    -0.004
    -145.47    -0.007
    -144.18    -0.044
    -142.89     0.004
    -141.60     0.016
    -140.32     0.024
    -139.03    -0.057
    -137.74    -0.070
    -136.45    -0.031
    -135.16     0.023
    -133.88     0.060
    -132.59     0.016
    -131.30     0.091
    -130.01     0.087
    -128.72    -0.023
    -127.43     0.095
    -126.15     0.015
    -124.86     0.014
    -123.57    -0.028
    -122.28    -0.041
    -120.99     0.027
    -119.70     0.046
    -118.42     0.050
    -117.13     0.126
    -115.84     0.087
    -114.55     0.051
    -113.26     0.101
    -111.98     0.069
    -110.69     0.204
    -109.40     0.172
    -108.11     0.245
    -106.82     0.151
    -105.53     0.252
    -104.25     0.220
    -102.96     0.220
    -101.67     0.151
    -100.38     0.226
     -99.09     0.190
     -97.80     0.163
     -96.52     0.330
     -95.23     0.363
     -93.94     0.198
     -92.65     0.286
     -91.36     0.137
     -90.08     0.185
     -88.79     0.232
     -87.50     0.255
     -86.21     0.154
     -84.92     0.126
     -83.63     0.170
     -82.35     0.120
     -81.06     0.307
     -79.77     0.107
     -78.48     0.145
     -77.19     0.266
     -75.90     0.221
     -74.62     0.159
     -73.33     0.299
     -72.04     0.358
     -70.75     0.492
     -69.46     0.637
     -68.18     0.883
     -66.89     1.128
     -65.60     1.564
     -64.31     2.090
     -63.02     2.517
     -61.73     2.788
     -60.45     2.498
     -59.16     2.067
     -57.87     1.662
     -56.58     1.472
     -55.29     1.298
     -54.00     1.218
     -52.72     1.219
     -51.43     1.193
     -50.14     1.189
     -48.85     1.272
     -47.56     1.255
     -46.28     1.457
     -44.99     1.605
     -43.70     1.805
     -42.41     2.080
     -41.12     2.492
     -39.83     2.940
     -38.55     3.479
     -37.26     3.682
     -35.97     3.544
     -34.68     3.271
     -33.39     2.940
     -32.10     2.613
     -30.82     2.490
     -29.53     2.443
     -28.24     2.167
     -26.95     2.285
     -25.66     2.438
     -24.38     2.621
     -23.09     2.711
     -21.80     2.771
     -20.51     2.749
     -19.22     3.040
     -17.93     3.253
     -16.65     3.326
     -15.36     3.652
     -14.07     3.851
     -12.78     3.878
     -11.49     4.012
     -10.20     4.281
      -8.92     4.515
      -7.63     4.720
      -6.34     5.008
      -5.05     5.619
      -3.76     6.671
      -2.48     8.178
      -1.19    10.313
       0.10    16.453
       1.39    23.864
       2.68    19.395
       3.97    10.590
       5.25     6.390
       6.54     5.121
       7.83     4.415
       9.12     3.684
      10.41     3.052
      11.70     2.254
      12.98     1.741
      14.27     1.146
      15.56     0.725
      16.85     0.538
      18.14     0.468
      19.42     0.351
      20.71     0.087
      22.00     0.148
      23.29     0.211
      24.58     0.110
      25.87     0.101
      27.15     0.093
      28.44     0.038
      29.73     0.137
      31.02     0.037
      32.31    -0.030
      33.60    -0.042
      34.88    -0.040
      36.17    -0.040
      37.46     0.113
      38.75     0.134
      40.04    -0.063
      41.32     0.048
      42.61     0.049
      43.90     0.096
      45.19    -0.018
      46.48    -0.033
      47.77    -0.046
      49.05    -0.035
      50.34     0.033
      51.63     0.037
      52.92    -0.062
      54.21     0.054
      55.50     0.005
      56.78     0.035
      58.07    -0.000
      59.36     0.083
      60.65     0.067
      61.94     0.012
      63.22     0.031
      64.51     0.136
      65.80     0.052
      67.09     0.023
      68.38     0.036
      69.67    -0.008
      70.95     0.036
      72.24     0.020
      73.53     0.024
      74.82    -0.010
      76.11    -0.131
      77.40    -0.098
      78.68    -0.063
      79.97     0.047
      81.26     0.045
      82.55     0.070
      83.84     0.011
      85.12    -0.011
      86.41     0.021
      87.70    -0.070
      88.99    -0.162
      90.28     0.007
      91.57     0.049
      92.85    -0.012
      94.14    -0.023
      95.43    -0.112
      96.72    -0.017
      98.01    -0.025
      99.30    -0.003
     100.58     0.044
     101.87    -0.015
     103.16    -0.039
     104.45     0.003
     105.74     0.067
     107.02    -0.017
     108.31     0.032
     109.60     0.021
     110.89    -0.010
     112.18    -0.039
     113.47     0.006
     114.75     0.020
     116.04    -0.002
     117.33     0.032
     118.62    -0.015
     119.91    -0.093
     121.20    -0.032
     122.48    -0.086
     123.77     0.023
     125.06     0.113
     126.35     0.028
     127.64     0.067
     128.92    -0.029
     130.21     0.030
     131.50     0.012
     132.79    -0.022
     134.08     0.028
     135.37     0.107
     136.65     0.083
     137.94     0.033
     139.23     0.015
     140.52     0.006
     141.81    -0.015
     143.09     0.041
     144.38     0.015
     145.67     0.038
     146.96     0.091
     148.25     0.105
     149.54     0.043
     150.82     0.016
     152.11     0.003
     153.40    -0.081
     154.69    -0.066
     155.98    -0.036
     157.27    -0.077
     158.55     0.052
     159.84     0.010
     161.13    -0.062
     162.42    -0.006
     163.71    -0.038
     164.99    -0.053
     166.28    -0.007
     167.57    -0.000
     168.86    -0.007
     170.15     0.028
     171.44    -0.143
     172.72     0.021
     174.01     0.171
     175.30     0.046
     176.59    -0.010
     177.88     0.055
     179.17     0.062
     180.45     0.054
     181.74     0.055
     183.03    -0.035
     184.32    -0.083
     185.61    -0.042
     186.89    -0.020
     188.18    -0.036
     189.47     0.016
     190.76     0.057
     192.05    -0.002
     193.34    -0.032
     194.62     0.002
     195.91     0.003
     197.20     0.151
     198.49     0.122
     199.78    -0.026
     201.07    -0.057
     202.35    -0.054
     203.64    -0.065
     204.93     0.081
     206.22    -0.037
     207.51    -0.126
     208.79     0.024
     210.08     0.015
     211.37    -0.025
     212.66     0.079
     213.95     0.041
     215.24     0.011
     216.52    -0.020
     217.81    -0.014
     219.10     0.049
     220.39    -0.041
     221.68    -0.031
     222.97    -0.083
     224.25    -0.002
     225.54    -0.051
     226.83     0.054
     228.12    -0.035
     229.41    -0.100
     230.69     0.000
     231.98    -0.057
     233.27    -0.076
     234.56     0.064
     235.85     0.072
     237.14     0.026
     238.42    -0.098
     239.71    -0.027
     241.00     0.027
     242.29     0.017
     243.58     0.031
     244.87     0.116
     246.15    -0.027
     247.44    -0.048
     248.73     0.001
     250.02    -0.102
     251.31     0.037
     252.59     0.017
     253.88     0.039
     255.17    -0.034
     256.46     0.097
     257.75     0.082
     259.04    -0.044
     260.32     0.004
     261.61     0.015
     262.90    -0.009
     264.19    -0.048
     265.48     0.019
     266.77    -0.097
     268.05    -0.029
     269.34     0.007
     270.63     0.050
     271.92     0.054
     273.21    -0.051
     274.49     0.041
     275.78     0.028
     277.07     0.042
     278.36     0.020
     279.65    -0.020
     280.94    -0.137
     282.22     0.011
     283.51     0.076
     284.80    -0.017
     286.09    -0.007
     287.38     0.041
     288.67    -0.030
     289.95    -0.028
     291.24    -0.041
     292.53     0.000
     293.82    -0.009
     295.11    -0.024
     296.39     0.088
     297.68    -0.072
     298.97    -0.050
     300.26     0.028
     301.55     0.129
     302.84    -0.008
     304.12     0.022
     305.41    -0.012
     306.70    -0.103
     307.99    -0.042
     309.28     0.005
     310.57     0.040
     311.85    -0.036
     313.14    -0.036
     314.43     0.007
     315.72    -0.062
     317.01     0.026
     318.29    -0.041
     319.58     0.002
     320.87    -0.030
     322.16     0.010
     323.45    -0.064
     324.74     0.024
     326.02    -0.033
     327.31    -0.050
     328.60     0.075
     329.89     0.094
     331.18     0.007
     332.47     0.014
     333.75    -0.028
     335.04    -0.049
     336.33     0.098
     337.62    -0.097
     338.91    -0.093
     340.19    -0.004
     341.48    -0.007
     342.77     0.053
     344.06     0.023
     345.35     0.021
     346.64    -0.031
     347.92     0.042
     349.21     0.122
     350.50    -0.031
     351.79    -0.023
     353.08     0.006
     354.37    -0.048
     355.65    -0.111
     356.94    -0.112
     358.23    -0.030
     359.52     0.017
     360.81    -0.069
     362.09     0.046
     363.38    -0.042
     364.67     0.029
     365.96     0.029
     367.25     0.014
     368.54    -0.088
     369.82    -0.004
     371.11    -0.045
     372.40    -0.018
     373.69    -0.096
     374.98    -0.001
     376.27    -0.008
     377.55    -0.027
     378.84     0.075
     380.13     0.045
     381.42     0.040
     382.71     0.023
     383.99     0.076
     385.28     0.098
     386.57     0.047
     387.86     0.047
     389.15     0.097
     390.44     0.023
     391.72    -0.005
     393.01     0.006
     394.30     0.091
     395.59    -0.002
     396.88     0.015
     398.17    -0.086
     399.45     0.108
%%GASS      0  datapoints: v_lsr [km/s] and T_B [K]
%%LAB     777  datapoints: v_lsr [km/s] and T_B [K]
    -399.89     0.148
    -398.86     0.237
    -397.83     0.281
    -396.80     0.137
    -395.77     0.302
    -394.74     0.295
    -393.71     0.152
    -392.67     0.150
    -391.64     0.208
    -390.61     0.108
    -389.58     0.154
    -388.55     0.158
    -387.52     0.145
    -386.49     0.136
    -385.46     0.077
    -384.43     0.124
    -383.40     0.074
    -382.37     0.118
    -381.34     0.173
    -380.31     0.073
    -379.28     0.148
    -378.25     0.114
    -377.22     0.156
    -376.18     0.115
    -375.15     0.114
    -374.12     0.197
    -373.09     0.077
    -372.06     0.092
    -371.03     0.086
    -370.00     0.110
    -368.97     0.159
    -367.94    -0.036
    -366.91     0.111
    -365.88     0.090
    -364.85     0.066
    -363.82     0.074
    -362.79     0.085
    -361.76     0.102
    -360.73     0.079
    -359.69     0.016
    -358.66     0.075
    -357.63     0.097
    -356.60     0.068
    -355.57     0.015
    -354.54     0.172
    -353.51     0.167
    -352.48     0.105
    -351.45     0.125
    -350.42     0.049
    -349.39     0.080
    -348.36     0.131
    -347.33     0.169
    -346.30     0.061
    -345.27     0.079
    -344.23     0.087
    -343.20     0.122
    -342.17     0.052
    -341.14     0.111
    -340.11     0.067
    -339.08    -0.024
    -338.05     0.147
    -337.02     0.046
    -335.99     0.241
    -334.96     0.078
    -333.93     0.065
    -332.90     0.067
    -331.87     0.073
    -330.84     0.028
    -329.81    -0.023
    -328.78     0.119
    -327.74     0.080
    -326.71     0.032
    -325.68     0.128
    -324.65     0.019
    -323.62     0.070
    -322.59     0.046
    -321.56     0.113
    -320.53     0.130
    -319.50     0.077
    -318.47     0.057
    -317.44     0.093
    -316.41     0.113
    -315.38     0.026
    -314.35     0.100
    -313.32     0.077
    -312.28     0.089
    -311.25    -0.006
    -310.22     0.018
    -309.19     0.037
    -308.16    -0.003
    -307.13     0.130
    -306.10     0.058
    -305.07     0.051
    -304.04     0.099
    -303.01     0.062
    -301.98    -0.015
    -300.95    -0.005
    -299.92     0.005
    -298.89     0.069
    -297.86     0.048
    -296.83     0.106
    -295.79     0.001
    -294.76     0.014
    -293.73     0.022
    -292.70     0.084
    -291.67     0.015
    -290.64     0.046
    -289.61     0.097
    -288.58    -0.030
    -287.55     0.095
    -286.52     0.074
    -285.49     0.039
    -284.46     0.097
    -283.43     0.118
    -282.40    -0.012
    -281.37     0.067
    -280.33     0.040
    -279.30     0.080
    -278.27     0.001
    -277.24     0.040
    -276.21     0.028
    -275.18     0.079
    -274.15     0.080
    -273.12     0.013
    -272.09    -0.029
    -271.06     0.011
    -270.03     0.089
    -269.00    -0.031
    -267.97     0.015
    -266.94    -0.005
    -265.91    -0.086
    -264.88     0.096
    -263.84     0.029
    -262.81     0.093
    -261.78    -0.009
    -260.75    -0.025
    -259.72    -0.003
    -258.69    -0.018
    -257.66     0.053
    -256.63     0.044
    -255.60    -0.065
    -254.57     0.086
    -253.54    -0.007
    -252.51    -0.045
    -251.48     0.007
    -250.45    -0.033
    -249.42     0.021
    -248.38    -0.133
    -247.35     0.019
    -246.32     0.068
    -245.29    -0.034
    -244.26    -0.086
    -243.23     0.027
    -242.20    -0.065
    -241.17     0.036
    -240.14    -0.084
    -239.11     0.007
    -238.08    -0.032
    -237.05    -0.040
    -236.02     0.008
    -234.99    -0.036
    -233.96     0.024
    -232.93     0.030
    -231.89     0.073
    -230.86     0.016
    -229.83     0.042
    -228.80    -0.049
    -227.77    -0.044
    -226.74     0.014
    -225.71    -0.094
    -224.68     0.085
    -223.65    -0.019
    -222.62    -0.064
    -221.59    -0.006
    -220.56    -0.086
    -219.53    -0.062
    -218.50     0.014
    -217.47     0.037
    -216.44     0.036
    -215.40     0.014
    -214.37     0.019
    -213.34    -0.025
    -212.31    -0.033
    -211.28     0.022
    -210.25     0.005
    -209.22    -0.057
    -208.19    -0.001
    -207.16     0.014
    -206.13     0.058
    -205.10    -0.082
    -204.07    -0.027
    -203.04     0.025
    -202.01    -0.046
    -200.98     0.003
    -199.94    -0.032
    -198.91     0.068
    -197.88     0.108
    -196.85     0.004
    -195.82     0.071
    -194.79    -0.005
    -193.76     0.032
    -192.73    -0.052
    -191.70     0.077
    -190.67    -0.022
    -189.64     0.096
    -188.61     0.068
    -187.58     0.051
    -186.55    -0.022
    -185.52    -0.005
    -184.49    -0.049
    -183.45    -0.026
    -182.42     0.014
    -181.39    -0.083
    -180.36     0.011
    -179.33     0.026
    -178.30     0.027
    -177.27     0.093
    -176.24    -0.059
    -175.21     0.051
    -174.18     0.081
    -173.15     0.045
    -172.12     0.009
    -171.09    -0.068
    -170.06    -0.066
    -169.03    -0.040
    -167.99    -0.017
    -166.96     0.037
    -165.93     0.053
    -164.90    -0.020
    -163.87    -0.005
    -162.84    -0.000
    -161.81     0.004
    -160.78     0.005
    -159.75    -0.050
    -158.72     0.012
    -157.69     0.007
    -156.66     0.039
    -155.63    -0.022
    -154.60     0.098
    -153.57    -0.044
    -152.54    -0.041
    -151.50    -0.091
    -150.47     0.007
    -149.44    -0.033
    -148.41     0.045
    -147.38     0.026
    -146.35    -0.037
    -145.32     0.027
    -144.29     0.169
    -143.26    -0.023
    -142.23    -0.013
    -141.20     0.062
    -140.17     0.023
    -139.14    -0.013
    -138.11     0.035
    -137.08     0.013
    -136.04     0.057
    -135.01    -0.006
    -133.98     0.026
    -132.95     0.044
    -131.92     0.021
    -130.89     0.019
    -129.86     0.089
    -128.83    -0.030
    -127.80     0.051
    -126.77    -0.053
    -125.74     0.125
    -124.71     0.088
    -123.68    -0.062
    -122.65     0.010
    -121.62    -0.071
    -120.59     0.075
    -119.55     0.076
    -118.52     0.052
    -117.49     0.024
    -116.46     0.052
    -115.43     0.119
    -114.40     0.082
    -113.37     0.194
    -112.34     0.210
    -111.31     0.165
    -110.28     0.181
    -109.25     0.195
    -108.22     0.143
    -107.19     0.250
    -106.16     0.180
    -105.13     0.365
    -104.09     0.316
    -103.06     0.277
    -102.03     0.169
    -101.00     0.293
     -99.97     0.171
     -98.94     0.257
     -97.91     0.298
     -96.88     0.301
     -95.85     0.277
     -94.82     0.355
     -93.79     0.285
     -92.76     0.269
     -91.73     0.234
     -90.70     0.323
     -89.67     0.184
     -88.64     0.231
     -87.60     0.226
     -86.57     0.182
     -85.54     0.125
     -84.51     0.118
     -83.48     0.185
     -82.45     0.114
     -81.42     0.137
     -80.39     0.231
     -79.36     0.154
     -78.33     0.210
     -77.30     0.157
     -76.27     0.205
     -75.24     0.137
     -74.21     0.154
     -73.18     0.148
     -72.15     0.230
     -71.11     0.236
     -70.08     0.391
     -69.05     0.419
     -68.02     0.519
     -66.99     0.479
     -65.96     0.578
     -64.93     0.737
     -63.90     0.788
     -62.87     0.851
     -61.84     1.028
     -60.81     1.029
     -59.78     1.094
     -58.75     1.005
     -57.72     1.061
     -56.69     0.957
     -55.65     1.020
     -54.62     0.922
     -53.59     0.918
     -52.56     0.971
     -51.53     1.020
     -50.50     1.082
     -49.47     1.148
     -48.44     1.233
     -47.41     1.211
     -46.38     1.272
     -45.35     1.486
     -44.32     1.655
     -43.29     1.933
     -42.26     2.114
     -41.23     2.260
     -40.20     2.535
     -39.16     2.862
     -38.13     2.985
     -37.10     2.916
     -36.07     2.880
     -35.04     2.815
     -34.01     2.588
     -32.98     2.330
     -31.95     2.052
     -30.92     2.142
     -29.89     2.053
     -28.86     2.076
     -27.83     2.018
     -26.80     2.275
     -25.77     2.291
     -24.74     2.482
     -23.70     2.620
     -22.67     2.753
     -21.64     2.835
     -20.61     2.842
     -19.58     2.905
     -18.55     3.160
     -17.52     3.416
     -16.49     3.753
     -15.46     3.951
     -14.43     4.005
     -13.40     4.111
     -12.37     4.007
     -11.34     4.039
     -10.31     4.294
      -9.28     4.423
      -8.25     4.553
      -7.21     4.881
      -6.18     5.112
      -5.15     5.502
      -4.12     6.147
      -3.09     7.369
      -2.06     9.347
      -1.03    11.673
       0.00    15.571
       1.03    20.168
       2.06    19.012
       3.09    12.485
       4.12     7.787
       5.15     5.752
       6.18     5.033
       7.21     4.751
       8.25     4.449
       9.28     3.765
      10.31     3.235
      11.34     2.544
      12.37     2.104
      13.40     1.558
      14.43     1.231
      15.46     0.943
      16.49     0.718
      17.52     0.515
      18.55     0.390
      19.58     0.253
      20.61     0.262
      21.64     0.126
      22.67     0.057
      23.70     0.099
      24.74     0.073
      25.77     0.040
      26.80     0.000
      27.83     0.079
      28.86    -0.018
      29.89    -0.005
      30.92    -0.008
      31.95    -0.012
      32.98    -0.025
      34.01     0.021
      35.04     0.096
      36.07    -0.013
      37.10     0.048
      38.13     0.085
      39.16     0.002
      40.20     0.047
      41.23     0.012
      42.26    -0.005
      43.29    -0.047
      44.32     0.067
      45.35     0.042
      46.38     0.030
      47.41     0.125
      48.44     0.093
      49.47     0.065
      50.50    -0.036
      51.53    -0.021
      52.56     0.046
      53.59    -0.026
      54.62     0.031
      55.65     0.131
      56.69     0.068
      57.72     0.008
      58.75     0.046
      59.78     0.043
      60.81     0.100
      61.84     0.051
      62.87     0.036
      63.90     0.056
      64.93     0.032
      65.96     0.009
      66.99     0.068
      68.02     0.017
      69.05     0.076
      70.08     0.085
      71.11     0.025
      72.15     0.036
      73.18    -0.012
      74.21     0.087
      75.24     0.054
      76.27    -0.014
      77.30    -0.046
      78.33     0.082
      79.36    -0.054
      80.39    -0.034
      81.42     0.082
      82.45     0.015
      83.48    -0.026
      84.51    -0.027
      85.54     0.040
      86.57     0.013
      87.60    -0.021
      88.64     0.056
      89.67    -0.120
      90.70    -0.011
      91.73     0.055
      92.76     0.023
      93.79    -0.044
      94.82     0.047
      95.85    -0.035
      96.88     0.014
      97.91    -0.031
      98.94    -0.012
      99.97     0.030
     101.00     0.039
     102.03    -0.089
     103.06    -0.011
     104.09     0.022
     105.13     0.051
     106.16     0.006
     107.19     0.030
     108.22     0.007
     109.25     0.026
     110.28    -0.045
     111.31     0.036
     112.34     0.016
     113.37     0.042
     114.40    -0.016
     115.43     0.085
     116.46    -0.041
     117.49     0.057
     118.52     0.036
     119.55     0.054
     120.59    -0.095
     121.62    -0.014
     122.65     0.040
     123.68     0.054
     124.71    -0.079
     125.74     0.005
     126.77     0.029
     127.80     0.043
     128.83    -0.010
     129.86    -0.035
     130.89    -0.041
     131.92     0.056
     132.95     0.073
     133.98    -0.027
     135.01    -0.043
     136.04     0.137
     137.08     0.070
     138.11     0.025
     139.14    -0.086
     140.17    -0.017
     141.20    -0.053
     142.23    -0.025
     143.26    -0.088
     144.29     0.094
     145.32     0.002
     146.35     0.038
     147.38    -0.003
     148.41    -0.073
     149.44    -0.055
     150.47    -0.030
     151.50    -0.043
     152.54     0.007
     153.57     0.064
     154.60     0.066
     155.63    -0.046
     156.66     0.040
     157.69    -0.062
     158.72     0.052
     159.75    -0.012
     160.78    -0.021
     161.81     0.009
     162.84    -0.004
     163.87    -0.025
     164.90     0.027
     165.93     0.006
     166.96     0.043
     167.99     0.048
     169.03    -0.058
     170.06     0.084
     171.09     0.121
     172.12     0.037
     173.15     0.001
     174.18    -0.062
     175.21     0.031
     176.24     0.048
     177.27     0.074
     178.30    -0.089
     179.33     0.030
     180.36    -0.047
     181.39     0.030
     182.42     0.017
     183.45    -0.039
     184.49    -0.043
     185.52     0.061
     186.55    -0.034
     187.58     0.015
     188.61    -0.064
     189.64     0.038
     190.67     0.028
     191.70    -0.013
     192.73    -0.030
     193.76     0.009
     194.79    -0.016
     195.82    -0.044
     196.85     0.077
     197.88     0.035
     198.91    -0.134
     199.94    -0.029
     200.98    -0.010
     202.01     0.006
     203.04    -0.013
     204.07     0.030
     205.10    -0.026
     206.13     0.051
     207.16     0.007
     208.19    -0.032
     209.22    -0.074
     210.25     0.022
     211.28    -0.029
     212.31    -0.011
     213.34    -0.050
     214.37     0.082
     215.40     0.026
     216.43     0.082
     217.47    -0.055
     218.50     0.022
     219.53    -0.095
     220.56     0.084
     221.59    -0.088
     222.62     0.014
     223.65     0.007
     224.68    -0.001
     225.71     0.002
     226.74    -0.011
     227.77     0.051
     228.80     0.009
     229.83     0.051
     230.86     0.054
     231.89     0.106
     232.93     0.008
     233.96    -0.034
     234.99     0.057
     236.02     0.017
     237.05     0.000
     238.08    -0.044
     239.11    -0.025
     240.14     0.022
     241.17     0.005
     242.20     0.065
     243.23     0.014
     244.26    -0.026
     245.29     0.025
     246.32     0.039
     247.35     0.029
     248.38     0.003
     249.42    -0.010
     250.45    -0.031
     251.48    -0.021
     252.51    -0.129
     253.54     0.014
     254.57    -0.057
     255.60     0.030
     256.63    -0.002
     257.66     0.017
     258.69    -0.027
     259.72    -0.026
     260.75    -0.036
     261.78     0.040
     262.81     0.005
     263.84     0.022
     264.88     0.041
     265.91    -0.017
     266.94    -0.073
     267.97     0.028
     269.00    -0.022
     270.03     0.034
     271.06    -0.023
     272.09    -0.011
     273.12    -0.080
     274.15    -0.005
     275.18    -0.050
     276.21     0.080
     277.24     0.040
     278.27    -0.005
     279.30     0.066
     280.33     0.037
     281.37     0.054
     282.40     0.146
     283.43    -0.056
     284.46     0.056
     285.49    -0.110
     286.52     0.031
     287.55    -0.021
     288.58    -0.006
     289.61    -0.002
     290.64    -0.022
     291.67     0.024
     292.70     0.002
     293.73    -0.064
     294.76     0.024
     295.79    -0.031
     296.83     0.007
     297.86    -0.032
     298.89     0.024
     299.92    -0.020
     300.95     0.058
     301.98    -0.036
     303.01     0.053
     304.04    -0.102
     305.07    -0.003
     306.10    -0.055
     307.13    -0.012
     308.16    -0.050
     309.19     0.013
     310.22     0.049
     311.25    -0.002
     312.28     0.014
     313.32     0.071
     314.35     0.033
     315.38     0.014
     316.41    -0.035
     317.44    -0.025
     318.47    -0.058
     319.50    -0.023
     320.53    -0.021
     321.56     0.081
     322.59    -0.014
     323.62     0.047
     324.65    -0.006
     325.68    -0.037
     326.71    -0.029
     327.74    -0.014
     328.78    -0.107
     329.81    -0.054
     330.84    -0.031
     331.87     0.041
     332.90    -0.105
     333.93    -0.031
     334.96    -0.092
     335.99     0.081
     337.02    -0.020
     338.05    -0.009
     339.08     0.022
     340.11     0.009
     341.14     0.005
     342.17     0.061
     343.20    -0.066
     344.23     0.025
     345.27     0.062
     346.30     0.043
     347.33     0.004
     348.36    -0.054
     349.39    -0.029
     350.42     0.033
     351.45    -0.018
     352.48     0.045
     353.51     0.054
     354.54     0.088
     355.57    -0.032
     356.60     0.013
     357.63    -0.038
     358.66     0.058
     359.69    -0.038
     360.73    -0.011
     361.76     0.000
     362.79     0.047
     363.82    -0.050
     364.85    -0.022
     365.88     0.069
     366.91     0.079
     367.94     0.060
     368.97    -0.018
     370.00     0.018
     371.03     0.019
     372.06    -0.004
     373.09    -0.031
     374.12    -0.102
     375.15     0.029
     376.18    -0.015
     377.22    -0.027
     378.25    -0.054
     379.28    -0.032
     380.31    -0.032
     381.34     0.039
     382.37    -0.030
     383.40    -0.062
     384.43    -0.012
     385.46     0.059
     386.49     0.063
     387.52     0.032
     388.55    -0.062
     389.58     0.007
     390.61    -0.018
     391.64     0.069
     392.67     0.035
     393.71     0.039
     394.74     0.037
     395.77     0.034
     396.80     0.025
     397.83    -0.043
     398.86    -0.084
     399.89     0.066
